(0120755,0117060)	(1, 7, 6)
(0317919,0117060)	(1, 7, 6)
(0454876,0117060)	(1, 7, 10)
(0790724,0117060)	(1, 7, 8)
(0882977,0117060)	(1, 7, 8)
(0117060, 0111161)	(1, 7, 10)
(1229238,0117060)	(1, 7, 9)
(1288558,0117060)	(1, 7, 5)
(1300854,0117060)	(1, 7, 8)
(1483013,0117060)	(1, 7, 6)
(1583421,0117060)	(1, 7, 7)
(1588173,0117060)	(1, 7, 9)
(1711425,0117060)	(1, 7, 3)
(2024432,0117060)	(1, 7, 8)
(2053463,0117060)	(1, 7, 8)
(2101341,0117060)	(1, 7, 7)
(2101441,0117060)	(1, 7, 1)
(2302755,0117060)	(1, 7, 10)
(0317919,0120755)	(1, 6, 6)
(0454876,0120755)	(1, 6, 10)
(0790724,0120755)	(1, 6, 8)
(0882977,0120755)	(1, 6, 8)
(0120755, 0111161)	(1, 6, 10)
(1229238,0120755)	(1, 6, 9)
(1288558,0120755)	(1, 6, 5)
(1300854,0120755)	(1, 6, 8)
(1483013,0120755)	(1, 6, 6)
(1583421,0120755)	(1, 6, 7)
(1588173,0120755)	(1, 6, 9)
(1711425,0120755)	(1, 6, 3)
(2024432,0120755)	(1, 6, 8)
(2053463,0120755)	(1, 6, 8)
(2101341,0120755)	(1, 6, 7)
(2101441,0120755)	(1, 6, 1)
(2302755,0120755)	(1, 6, 10)
(0454876,0317919)	(1, 6, 10)
(0790724,0317919)	(1, 6, 8)
(0882977,0317919)	(1, 6, 8)
(0317919, 0111161)	(1, 6, 10)
(1229238,0317919)	(1, 6, 9)
(1288558,0317919)	(1, 6, 5)
(1300854,0317919)	(1, 6, 8)
(1483013,0317919)	(1, 6, 6)
(1583421,0317919)	(1, 6, 7)
(1588173,0317919)	(1, 6, 9)
(1711425,0317919)	(1, 6, 3)
(2024432,0317919)	(1, 6, 8)
(2053463,0317919)	(1, 6, 8)
(2101341,0317919)	(1, 6, 7)
(2101441,0317919)	(1, 6, 1)
(2302755,0317919)	(1, 6, 10)
(0790724,0454876)	(1, 10, 8)
(0882977,0454876)	(1, 10, 8)
(0454876, 0111161)	(1, 10, 10)
(1229238,0454876)	(1, 10, 9)
(1288558,0454876)	(1, 10, 5)
(1300854,0454876)	(1, 10, 8)
(1483013,0454876)	(1, 10, 6)
(1583421,0454876)	(1, 10, 7)
(1588173,0454876)	(1, 10, 9)
(1711425,0454876)	(1, 10, 3)
(2024432,0454876)	(1, 10, 8)
(2053463,0454876)	(1, 10, 8)
(2101341,0454876)	(1, 10, 7)
(2101441,0454876)	(1, 10, 1)
(2302755,0454876)	(1, 10, 10)
(0882977,0790724)	(1, 8, 8)
(0790724, 0111161)	(1, 8, 10)
(1229238,0790724)	(1, 8, 9)
(1288558,0790724)	(1, 8, 5)
(1300854,0790724)	(1, 8, 8)
(1483013,0790724)	(1, 8, 6)
(1583421,0790724)	(1, 8, 7)
(1588173,0790724)	(1, 8, 9)
(1711425,0790724)	(1, 8, 3)
(2024432,0790724)	(1, 8, 8)
(2053463,0790724)	(1, 8, 8)
(2101341,0790724)	(1, 8, 7)
(2101441,0790724)	(1, 8, 1)
(2302755,0790724)	(1, 8, 10)
(0882977, 0111161)	(1, 8, 10)
(1229238,0882977)	(1, 8, 9)
(1288558,0882977)	(1, 8, 5)
(1300854,0882977)	(1, 8, 8)
(1483013,0882977)	(1, 8, 6)
(1583421,0882977)	(1, 8, 7)
(1588173,0882977)	(1, 8, 9)
(1711425,0882977)	(1, 8, 3)
(2024432,0882977)	(1, 8, 8)
(2053463,0882977)	(1, 8, 8)
(2101341,0882977)	(1, 8, 7)
(2101441,0882977)	(1, 8, 1)
(2302755,0882977)	(1, 8, 10)
(1229238,0111161)	(1, 10, 9)
(1288558,0111161)	(1, 10, 5)
(1300854,0111161)	(1, 10, 8)
(1483013,0111161)	(1, 10, 6)
(1583421,0111161)	(1, 10, 7)
(1588173,0111161)	(1, 10, 9)
(1711425,0111161)	(1, 10, 3)
(2024432,0111161)	(1, 10, 8)
(2053463,0111161)	(1, 10, 8)
(2101341,0111161)	(1, 10, 7)
(2101441,0111161)	(1, 10, 1)
(2302755,0111161)	(1, 10, 10)
(1288558,1229238)	(1, 9, 5)
(1300854,1229238)	(1, 9, 8)
(1483013,1229238)	(1, 9, 6)
(1583421,1229238)	(1, 9, 7)
(1588173,1229238)	(1, 9, 9)
(1711425,1229238)	(1, 9, 3)
(2024432,1229238)	(1, 9, 8)
(2053463,1229238)	(1, 9, 8)
(2101341,1229238)	(1, 9, 7)
(2101441,1229238)	(1, 9, 1)
(2302755,1229238)	(1, 9, 10)
(1300854,1288558)	(1, 5, 8)
(1483013,1288558)	(1, 5, 6)
(1583421,1288558)	(1, 5, 7)
(1588173,1288558)	(1, 5, 9)
(1711425,1288558)	(1, 5, 3)
(2024432,1288558)	(1, 5, 8)
(2053463,1288558)	(1, 5, 8)
(2101341,1288558)	(1, 5, 7)
(2101441,1288558)	(1, 5, 1)
(2302755,1288558)	(1, 5, 10)
(1483013,1300854)	(1, 8, 6)
(1583421,1300854)	(1, 8, 7)
(1588173,1300854)	(1, 8, 9)
(1711425,1300854)	(1, 8, 3)
(2024432,1300854)	(1, 8, 8)
(2053463,1300854)	(1, 8, 8)
(2101341,1300854)	(1, 8, 7)
(2101441,1300854)	(1, 8, 1)
(2302755,1300854)	(1, 8, 10)
(1583421,1483013)	(1, 6, 7)
(1588173,1483013)	(1, 6, 9)
(1711425,1483013)	(1, 6, 3)
(2024432,1483013)	(1, 6, 8)
(2053463,1483013)	(1, 6, 8)
(2101341,1483013)	(1, 6, 7)
(2101441,1483013)	(1, 6, 1)
(2302755,1483013)	(1, 6, 10)
(1588173,1583421)	(1, 7, 9)
(1711425,1583421)	(1, 7, 3)
(2024432,1583421)	(1, 7, 8)
(2053463,1583421)	(1, 7, 8)
(2101341,1583421)	(1, 7, 7)
(2101441,1583421)	(1, 7, 1)
(2302755,1583421)	(1, 7, 10)
(1711425,1588173)	(1, 9, 3)
(2024432,1588173)	(1, 9, 8)
(2053463,1588173)	(1, 9, 8)
(2101341,1588173)	(1, 9, 7)
(2101441,1588173)	(1, 9, 1)
(2302755,1588173)	(1, 9, 10)
(2024432,1711425)	(1, 3, 8)
(2053463,1711425)	(1, 3, 8)
(2101341,1711425)	(1, 3, 7)
(2101441,1711425)	(1, 3, 1)
(2302755,1711425)	(1, 3, 10)
(2053463,2024432)	(1, 8, 8)
(2101341,2024432)	(1, 8, 7)
(2101441,2024432)	(1, 8, 1)
(2302755,2024432)	(1, 8, 10)
(2101341,2053463)	(1, 8, 7)
(2101441,2053463)	(1, 8, 1)
(2302755,2053463)	(1, 8, 10)
(2101441,2101341)	(1, 7, 1)
(2302755,2101341)	(1, 7, 10)
(2302755,2101441)	(1, 1, 10)
(1322269, 0422720)	(2, 7, 8)
(1322269, 0454876)	(2, 7, 8)
(1322269, 0790636)	(2, 7, 7)
(1322269, 0816711)	(2, 7, 8)
(1322269, 1091191)	(2, 7, 7)
(1322269, 1103275)	(2, 7, 7)
(1390411,1322269)	(2, 7, 8)
(1398426,1322269)	(2, 7, 8)
(1431045,1322269)	(2, 7, 7)
(1433811,1322269)	(2, 7, 8)
(1454468,1322269)	(2, 7, 8)
(1535109,1322269)	(2, 7, 8)
(1675434,1322269)	(2, 7, 8)
(1798709,1322269)	(2, 7, 10)
(2017038,1322269)	(2, 7, 7)
(2024544,1322269)	(2, 7, 10)
(2294629,1322269)	(2, 7, 8)
(2361509,1322269)	(2, 7, 8)
(2381249,1322269)	(2, 7, 5)
(2726560,1322269)	(2, 7, 9)
(2883512,1322269)	(2, 7, 8)
(3079380,1322269)	(2, 7, 8)
(0454876,0422720)	(2, 8, 8)
(0790636,0422720)	(2, 8, 7)
(0816711,0422720)	(2, 8, 8)
(1091191,0422720)	(2, 8, 7)
(1103275,0422720)	(2, 8, 7)
(1390411,0422720)	(2, 8, 8)
(1398426,0422720)	(2, 8, 8)
(1431045,0422720)	(2, 8, 7)
(1433811,0422720)	(2, 8, 8)
(1454468,0422720)	(2, 8, 8)
(1535109,0422720)	(2, 8, 8)
(1675434,0422720)	(2, 8, 8)
(1798709,0422720)	(2, 8, 10)
(2017038,0422720)	(2, 8, 7)
(2024544,0422720)	(2, 8, 10)
(2294629,0422720)	(2, 8, 8)
(2361509,0422720)	(2, 8, 8)
(2381249,0422720)	(2, 8, 5)
(2726560,0422720)	(2, 8, 9)
(2883512,0422720)	(2, 8, 8)
(3079380,0422720)	(2, 8, 8)
(0790636,0454876)	(2, 8, 7)
(0816711,0454876)	(2, 8, 8)
(1091191,0454876)	(2, 8, 7)
(1103275,0454876)	(2, 8, 7)
(1390411,0454876)	(2, 8, 8)
(1398426,0454876)	(2, 8, 8)
(1431045,0454876)	(2, 8, 7)
(1433811,0454876)	(2, 8, 8)
(1454468,0454876)	(2, 8, 8)
(1535109,0454876)	(2, 8, 8)
(1675434,0454876)	(2, 8, 8)
(1798709,0454876)	(2, 8, 10)
(2017038,0454876)	(2, 8, 7)
(2024544,0454876)	(2, 8, 10)
(2294629,0454876)	(2, 8, 8)
(2361509,0454876)	(2, 8, 8)
(2381249,0454876)	(2, 8, 5)
(2726560,0454876)	(2, 8, 9)
(2883512,0454876)	(2, 8, 8)
(3079380,0454876)	(2, 8, 8)
(0816711,0790636)	(2, 7, 8)
(1091191,0790636)	(2, 7, 7)
(1103275,0790636)	(2, 7, 7)
(1390411,0790636)	(2, 7, 8)
(1398426,0790636)	(2, 7, 8)
(1431045,0790636)	(2, 7, 7)
(1433811,0790636)	(2, 7, 8)
(1454468,0790636)	(2, 7, 8)
(1535109,0790636)	(2, 7, 8)
(1675434,0790636)	(2, 7, 8)
(1798709,0790636)	(2, 7, 10)
(2017038,0790636)	(2, 7, 7)
(2024544,0790636)	(2, 7, 10)
(2294629,0790636)	(2, 7, 8)
(2361509,0790636)	(2, 7, 8)
(2381249,0790636)	(2, 7, 5)
(2726560,0790636)	(2, 7, 9)
(2883512,0790636)	(2, 7, 8)
(3079380,0790636)	(2, 7, 8)
(1091191,0816711)	(2, 8, 7)
(1103275,0816711)	(2, 8, 7)
(1390411,0816711)	(2, 8, 8)
(1398426,0816711)	(2, 8, 8)
(1431045,0816711)	(2, 8, 7)
(1433811,0816711)	(2, 8, 8)
(1454468,0816711)	(2, 8, 8)
(1535109,0816711)	(2, 8, 8)
(1675434,0816711)	(2, 8, 8)
(1798709,0816711)	(2, 8, 10)
(2017038,0816711)	(2, 8, 7)
(2024544,0816711)	(2, 8, 10)
(2294629,0816711)	(2, 8, 8)
(2361509,0816711)	(2, 8, 8)
(2381249,0816711)	(2, 8, 5)
(2726560,0816711)	(2, 8, 9)
(2883512,0816711)	(2, 8, 8)
(3079380,0816711)	(2, 8, 8)
(1103275,1091191)	(2, 7, 7)
(1390411,1091191)	(2, 7, 8)
(1398426,1091191)	(2, 7, 8)
(1431045,1091191)	(2, 7, 7)
(1433811,1091191)	(2, 7, 8)
(1454468,1091191)	(2, 7, 8)
(1535109,1091191)	(2, 7, 8)
(1675434,1091191)	(2, 7, 8)
(1798709,1091191)	(2, 7, 10)
(2017038,1091191)	(2, 7, 7)
(2024544,1091191)	(2, 7, 10)
(2294629,1091191)	(2, 7, 8)
(2361509,1091191)	(2, 7, 8)
(2381249,1091191)	(2, 7, 5)
(2726560,1091191)	(2, 7, 9)
(2883512,1091191)	(2, 7, 8)
(3079380,1091191)	(2, 7, 8)
(1390411,1103275)	(2, 7, 8)
(1398426,1103275)	(2, 7, 8)
(1431045,1103275)	(2, 7, 7)
(1433811,1103275)	(2, 7, 8)
(1454468,1103275)	(2, 7, 8)
(1535109,1103275)	(2, 7, 8)
(1675434,1103275)	(2, 7, 8)
(1798709,1103275)	(2, 7, 10)
(2017038,1103275)	(2, 7, 7)
(2024544,1103275)	(2, 7, 10)
(2294629,1103275)	(2, 7, 8)
(2361509,1103275)	(2, 7, 8)
(2381249,1103275)	(2, 7, 5)
(2726560,1103275)	(2, 7, 9)
(2883512,1103275)	(2, 7, 8)
(3079380,1103275)	(2, 7, 8)
(1398426,1390411)	(2, 8, 8)
(1431045,1390411)	(2, 8, 7)
(1433811,1390411)	(2, 8, 8)
(1454468,1390411)	(2, 8, 8)
(1535109,1390411)	(2, 8, 8)
(1675434,1390411)	(2, 8, 8)
(1798709,1390411)	(2, 8, 10)
(2017038,1390411)	(2, 8, 7)
(2024544,1390411)	(2, 8, 10)
(2294629,1390411)	(2, 8, 8)
(2361509,1390411)	(2, 8, 8)
(2381249,1390411)	(2, 8, 5)
(2726560,1390411)	(2, 8, 9)
(2883512,1390411)	(2, 8, 8)
(3079380,1390411)	(2, 8, 8)
(1431045,1398426)	(2, 8, 7)
(1433811,1398426)	(2, 8, 8)
(1454468,1398426)	(2, 8, 8)
(1535109,1398426)	(2, 8, 8)
(1675434,1398426)	(2, 8, 8)
(1798709,1398426)	(2, 8, 10)
(2017038,1398426)	(2, 8, 7)
(2024544,1398426)	(2, 8, 10)
(2294629,1398426)	(2, 8, 8)
(2361509,1398426)	(2, 8, 8)
(2381249,1398426)	(2, 8, 5)
(2726560,1398426)	(2, 8, 9)
(2883512,1398426)	(2, 8, 8)
(3079380,1398426)	(2, 8, 8)
(1433811,1431045)	(2, 7, 8)
(1454468,1431045)	(2, 7, 8)
(1535109,1431045)	(2, 7, 8)
(1675434,1431045)	(2, 7, 8)
(1798709,1431045)	(2, 7, 10)
(2017038,1431045)	(2, 7, 7)
(2024544,1431045)	(2, 7, 10)
(2294629,1431045)	(2, 7, 8)
(2361509,1431045)	(2, 7, 8)
(2381249,1431045)	(2, 7, 5)
(2726560,1431045)	(2, 7, 9)
(2883512,1431045)	(2, 7, 8)
(3079380,1431045)	(2, 7, 8)
(1454468,1433811)	(2, 8, 8)
(1535109,1433811)	(2, 8, 8)
(1675434,1433811)	(2, 8, 8)
(1798709,1433811)	(2, 8, 10)
(2017038,1433811)	(2, 8, 7)
(2024544,1433811)	(2, 8, 10)
(2294629,1433811)	(2, 8, 8)
(2361509,1433811)	(2, 8, 8)
(2381249,1433811)	(2, 8, 5)
(2726560,1433811)	(2, 8, 9)
(2883512,1433811)	(2, 8, 8)
(3079380,1433811)	(2, 8, 8)
(1535109,1454468)	(2, 8, 8)
(1675434,1454468)	(2, 8, 8)
(1798709,1454468)	(2, 8, 10)
(2017038,1454468)	(2, 8, 7)
(2024544,1454468)	(2, 8, 10)
(2294629,1454468)	(2, 8, 8)
(2361509,1454468)	(2, 8, 8)
(2381249,1454468)	(2, 8, 5)
(2726560,1454468)	(2, 8, 9)
(2883512,1454468)	(2, 8, 8)
(3079380,1454468)	(2, 8, 8)
(1675434,1535109)	(2, 8, 8)
(1798709,1535109)	(2, 8, 10)
(2017038,1535109)	(2, 8, 7)
(2024544,1535109)	(2, 8, 10)
(2294629,1535109)	(2, 8, 8)
(2361509,1535109)	(2, 8, 8)
(2381249,1535109)	(2, 8, 5)
(2726560,1535109)	(2, 8, 9)
(2883512,1535109)	(2, 8, 8)
(3079380,1535109)	(2, 8, 8)
(1798709,1675434)	(2, 8, 10)
(2017038,1675434)	(2, 8, 7)
(2024544,1675434)	(2, 8, 10)
(2294629,1675434)	(2, 8, 8)
(2361509,1675434)	(2, 8, 8)
(2381249,1675434)	(2, 8, 5)
(2726560,1675434)	(2, 8, 9)
(2883512,1675434)	(2, 8, 8)
(3079380,1675434)	(2, 8, 8)
(2017038,1798709)	(2, 10, 7)
(2024544,1798709)	(2, 10, 10)
(2294629,1798709)	(2, 10, 8)
(2361509,1798709)	(2, 10, 8)
(2381249,1798709)	(2, 10, 5)
(2726560,1798709)	(2, 10, 9)
(2883512,1798709)	(2, 10, 8)
(3079380,1798709)	(2, 10, 8)
(2024544,2017038)	(2, 7, 10)
(2294629,2017038)	(2, 7, 8)
(2361509,2017038)	(2, 7, 8)
(2381249,2017038)	(2, 7, 5)
(2726560,2017038)	(2, 7, 9)
(2883512,2017038)	(2, 7, 8)
(3079380,2017038)	(2, 7, 8)
(2294629,2024544)	(2, 10, 8)
(2361509,2024544)	(2, 10, 8)
(2381249,2024544)	(2, 10, 5)
(2726560,2024544)	(2, 10, 9)
(2883512,2024544)	(2, 10, 8)
(3079380,2024544)	(2, 10, 8)
(2361509,2294629)	(2, 8, 8)
(2381249,2294629)	(2, 8, 5)
(2726560,2294629)	(2, 8, 9)
(2883512,2294629)	(2, 8, 8)
(3079380,2294629)	(2, 8, 8)
(2381249,2361509)	(2, 8, 5)
(2726560,2361509)	(2, 8, 9)
(2883512,2361509)	(2, 8, 8)
(3079380,2361509)	(2, 8, 8)
(2726560,2381249)	(2, 5, 9)
(2883512,2381249)	(2, 5, 8)
(3079380,2381249)	(2, 5, 8)
(2883512,2726560)	(2, 9, 8)
(3079380,2726560)	(2, 9, 8)
(3079380,2883512)	(2, 8, 8)
(2170439,1790864)	(3, 7, 7)
(2203939,1790864)	(3, 7, 6)
(2203939,2170439)	(3, 7, 6)
(0120863,0054953)	(5, 5, 1)
